%YAML:1.0
---
cameras:
   -
      T_SC: [ 1., 0., 0., -5.52000012e-03, 0., 1., 0., 5.10000018e-03,
          0., 0., 1., 1.17400000e-02, 0., 0., 0., 1. ]
      image_dimension: [ 640, 480 ]
      distortion_type: radialtangential
      distortion_coefficients: [ 0., 0., 0., 0. ]
      focal_length: [ 3.83738525e+02, 3.83738525e+02 ]
      principal_point: [ 3.19075897e+02, 2.38199295e+02 ]
   -
      T_SC: [ 1., 0., 0., 4.44840156e-02, 0., 1., 0., 5.10000018e-03, 0.,
          0., 1., 1.17400000e-02, 0., 0., 0., 1. ]
      image_dimension: [ 640, 480 ]
      distortion_type: radialtangential
      distortion_coefficients: [ 0., 0., 0., 0. ]
      focal_length: [ 3.83738525e+02, 3.83738525e+02 ]
      principal_point: [ 3.19075897e+02, 2.38199295e+02 ]
additional_cameras:
   -
      T_SC: [ 1., 0., 0., -5.52000012e-03, 0., 1., 0., 5.10000018e-03,
          0., 0., 1., 1.17400000e-02, 0., 0., 0., 1. ]
      image_dimension: [ 640, 480 ]
      distortion_type: radialtangential
      distortion_coefficients: [ 0., 0., 0., 0. ]
      focal_length: [ 3.83738525e+02, 3.83738525e+02 ]
      principal_point: [ 3.19075897e+02, 2.38199295e+02 ]
   -
      T_SC: [ 9.99972463e-01, 5.48230018e-03, -5.00694616e-03,
          -2.02134512e-02, -5.49744349e-03, 9.99980330e-01,
          -3.01576243e-03, 4.76061832e-03, 4.99031460e-03,
          3.04320455e-03, 9.99982893e-01, 1.14907240e-02, 0., 0., 0., 1. ]
      image_dimension: [ 640, 480 ]
      distortion_type: radialtangential
      distortion_coefficients: [ 0., 0., 0., 0. ]
      focal_length: [ 6.08194214e+02, 6.08437500e+02 ]
      principal_point: [ 3.16390839e+02, 2.45571350e+02 ]
camera_params:
   camera_rate: 30
   sigma_absolute_translation: 0.
   sigma_absolute_orientation: 0.
   sigma_c_relative_translation: 0.
   sigma_c_relative_orientation: 0.
   timestamp_tolerance: 5.0000000000000001e-03
imu_params:
   a_max: 176.
   g_max: 7.7999999999999998e+00
   sigma_g_c: 7.0710678119212389e-04
   sigma_a_c: 9.9999997764825821e-03
   sigma_bg: 1.4999999999999999e-02
   sigma_ba: 3.8000000000000000e-01
   sigma_gw_c: 3.9999999999999998e-06
   sigma_aw_c: 4.0000000000000003e-05
   tau: 3600.
   g: 9.8100699999999996e+00
   a0: [ 0., 0., 0. ]
   imu_rate: 200
   T_BS: [ 1., 0., 0., 0., 0., 1., 0., 0., 0., 0., 1., 0., 0., 0., 0.,
       1. ]
numKeyframes: 4
numImuFrames: 3
ceres_options:
   minIterations: 3
   maxIterations: 5
   timeLimit: 3.5000000000000003e-02
detection_options:
   threshold: 40.
   octaves: 2
   maxNoKeypoints: 75
imageDelay: 0.
displayImages: false
useDriver: false
enableLoopClosureDetection: 1
Recon_VoxelSize: 1.0000000000000000e-02
Recon_BlockSize: 2.
Recon_MaxDepth: 2.
Recon_SaveFrames: 1
Recon_MeshWinWidth: 1000
Recon_MeshWinHeight: 1000
publishing_options:
   publish_rate: 200
   publishLandmarks: false
   landmarkQualityThreshold: 1.0000000000000000e-02
   maximumLandmarkQuality: 5.0000000000000003e-02
   maxPathLength: 20
   publishImuPropagatedState: false
   T_Wc_W: [ 1., 0., 0., 0., 0., 1., 0., 0., 0., 0., 1., 0., 0., 0., 0.,
       1. ]
   trackedBodyFrame: B
   velocitiesFrame: Wc
